{
 "cells": [
  {
   "cell_type": "markdown",
   "metadata": {},
   "source": [
    "Application of Control Charts in Pairs Trading: An Analysis of BIST30 Stock Indices"
   ]
  },
  {
   "cell_type": "markdown",
   "metadata": {},
   "source": [
    "Project code, data results and data figures are below; discussion and conclusion are after these."
   ]
  },
  {
   "cell_type": "code",
   "execution_count": 66,
   "metadata": {},
   "outputs": [],
   "source": [
    "import pandas as pd\n",
    "import plotly as plt\n",
    "import numpy as np\n",
    "import plotly.express as px\n",
    "import os\n",
    "import glob\n",
    "from sklearn.linear_model import LinearRegression\n",
    "import plotly.graph_objects as go"
   ]
  },
  {
   "cell_type": "markdown",
   "metadata": {},
   "source": [
    "We get all data from excels and create a column for each stock."
   ]
  },
  {
   "cell_type": "code",
   "execution_count": 67,
   "metadata": {},
   "outputs": [],
   "source": [
    "path = os.getcwd()\n",
    "csv_files = glob.glob(os.path.join(path, \"*.csv\"))\n",
    "\n",
    "last_data = pd.DataFrame()\n",
    "\n",
    "for f in csv_files:\n",
    "    data = pd.read_csv(f)\n",
    "    symbol = data.short_name.unique()\n",
    "    new_data = pd.DataFrame()\n",
    "\n",
    "    data['timestamp'] = pd.to_datetime(data['timestamp'])\n",
    "    data['timestamp']  = data['timestamp'].dt.tz_convert('Europe/Istanbul')\n",
    "    data.set_index('timestamp', inplace=True)\n",
    "    data.index = data.index.tz_localize(None)\n",
    "    #data.index = pd.to_datetime(data.index).strftime('%Y-%m-%d')\n",
    "\n",
    "    for i in symbol:\n",
    "        stock = data[(data['short_name'] == i)]\n",
    "        stock_close = stock.groupby([stock.index]).agg('last')\n",
    "        new_data[i]= stock_close['price']\n",
    "    \n",
    "    last_data = last_data.append(new_data)\n",
    "last_data= last_data.dropna()\n"
   ]
  },
  {
   "cell_type": "markdown",
   "metadata": {},
   "source": [
    "Calculation of correlation for first 3600 inputs, that is 1.5 year between 2018-January and 2019-July, and two of the most correlated stock pairs founded. These are GARAN-AKBNK and SAHOL-VKBNK."
   ]
  },
  {
   "cell_type": "code",
   "execution_count": 68,
   "metadata": {},
   "outputs": [
    {
     "data": {
      "text/plain": [
       "SAHOL  VAKBN    0.958566\n",
       "VAKBN  SAHOL    0.958566\n",
       "GARAN  AKBNK    0.964810\n",
       "AKBNK  GARAN    0.964810\n",
       "dtype: float64"
      ]
     },
     "execution_count": 68,
     "metadata": {},
     "output_type": "execute_result"
    }
   ],
   "source": [
    "correlations = last_data[:3600].corr()\n",
    "correlations = correlations.replace(1, 0)\n",
    "s = correlations.unstack()\n",
    "so = s.sort_values(kind=\"quicksort\")\n",
    "so[-4:]"
   ]
  },
  {
   "cell_type": "code",
   "execution_count": 69,
   "metadata": {},
   "outputs": [
    {
     "data": {
      "application/vnd.plotly.v1+json": {
       "config": {
        "plotlyServerURL": "https://plot.ly"
       },
       "data": [
        {
         "coloraxis": "coloraxis",
         "hovertemplate": "x: %{x}<br>y: %{y}<br>color: %{z}<extra></extra>",
         "name": "0",
         "texttemplate": "%{z}",
         "type": "heatmap",
         "x": [
          "THYAO",
          "AKBNK",
          "ARCLK",
          "ASELS",
          "BIMAS",
          "DOHOL",
          "EKGYO",
          "EREGL",
          "FROTO",
          "GUBRF",
          "GARAN",
          "KRDMD",
          "KCHOL",
          "KOZAL",
          "KOZAA",
          "PGSUS",
          "PETKM",
          "SAHOL",
          "SASA",
          "SISE",
          "TAVHL",
          "TKFEN",
          "TUPRS",
          "TTKOM",
          "TCELL",
          "HALKB",
          "ISCTR",
          "VAKBN",
          "VESTL",
          "YKBNK"
         ],
         "xaxis": "x",
         "y": [
          "THYAO",
          "AKBNK",
          "ARCLK",
          "ASELS",
          "BIMAS",
          "DOHOL",
          "EKGYO",
          "EREGL",
          "FROTO",
          "GUBRF",
          "GARAN",
          "KRDMD",
          "KCHOL",
          "KOZAL",
          "KOZAA",
          "PGSUS",
          "PETKM",
          "SAHOL",
          "SASA",
          "SISE",
          "TAVHL",
          "TKFEN",
          "TUPRS",
          "TTKOM",
          "TCELL",
          "HALKB",
          "ISCTR",
          "VAKBN",
          "VESTL",
          "YKBNK"
         ],
         "yaxis": "y",
         "z": [
          [
           0,
           0.34628011221282357,
           -0.23894090721351108,
           0.7459132888439167,
           -0.2812907244474532,
           -0.12775072527954232,
           0.6535130539819326,
           0.4096731777626314,
           0.28434836214962667,
           0.5666212721765317,
           0.20886197752418253,
           0.5735109166869375,
           -0.13980633912356022,
           -0.12614782667005134,
           -0.1282766390312085,
           0.12542555489622798,
           0.6183298962200642,
           0.3010709292170644,
           0.3268631739136482,
           -0.23750688537848497,
           -0.04553547820707925,
           -0.5518776381849463,
           -0.49103396705435226,
           0.2755235228019088,
           0.08071112739907721,
           0.5053108504030753,
           0.1258042897933718,
           0.3405440198803201,
           -0.08631044842082011,
           0.27419659835736593
          ],
          [
           0.34628011221282357,
           0,
           0.6613083998743761,
           0.5936386776362744,
           -0.22060074659105305,
           -0.5095284988834602,
           0.7387246366545874,
           -0.04519158479942403,
           0.03620655143620078,
           0.8474485117488089,
           0.9648102266456926,
           0.12046110133503626,
           0.4011067064762945,
           -0.4733800461402876,
           -0.14699902949460436,
           0.6909177539085194,
           0.7553932295544726,
           0.9532778451960432,
           -0.32963051417561207,
           -0.3563983395854405,
           -0.5855678434386706,
           -0.5025517302754756,
           -0.5062207266410018,
           0.9126031750633502,
           0.7754189575278577,
           0.8800110168059473,
           0.9086306335403155,
           0.958463180850539,
           0.34300142719565924,
           0.902896193167461
          ],
          [
           -0.23894090721351108,
           0.6613083998743761,
           0,
           0.04919124909435146,
           0.3190261516846856,
           -0.14114529325875735,
           0.1712107817537852,
           -0.45151024187881705,
           -0.2323999192693152,
           0.32178672864065916,
           0.7529919285879341,
           -0.4519724549029781,
           0.7211767932563895,
           -0.13001267144514617,
           -0.056324482918260546,
           0.5882544264264901,
           0.42180884945988595,
           0.6546343582146616,
           -0.48751632817903023,
           0.21006766117247042,
           -0.3091971280801437,
           0.12575213645805702,
           0.14914884922434074,
           0.6056576020017445,
           0.830234856279989,
           0.4870201599992213,
           0.6967014334521295,
           0.6203328972955291,
           0.3858908961815507,
           0.5326591633187925
          ],
          [
           0.7459132888439167,
           0.5936386776362744,
           0.04919124909435146,
           0,
           -0.22565922521470458,
           -0.4393900688282123,
           0.800965957874857,
           0.2678185103119503,
           0.15963372959197258,
           0.8292600816992195,
           0.4852816298365525,
           0.4445611122859894,
           0.13332285487392745,
           -0.35031588292594706,
           -0.25723809707262874,
           0.21314794677961715,
           0.7523804016066303,
           0.5517764990811431,
           0.0795688961275079,
           -0.28906261193815963,
           -0.3489312708378382,
           -0.6561260385565436,
           -0.5804132418555499,
           0.47898596222855006,
           0.36239267420789434,
           0.8054353014990613,
           0.37586148221497023,
           0.6083102850897361,
           -0.09880177303307185,
           0.4737792472328237
          ],
          [
           -0.2812907244474532,
           -0.22060074659105305,
           0.3190261516846856,
           -0.22565922521470458,
           0,
           0.25458580194904923,
           -0.5582079024292502,
           -0.680755177635498,
           -0.31660480609390773,
           -0.4342061565928529,
           -0.0725397887262747,
           -0.7504339651664828,
           0.39886839440590344,
           0.657632204473669,
           0.295900758224281,
           -0.19806211745834987,
           -0.07875654256062092,
           -0.29634394643478607,
           -0.1888104957227505,
           0.7168385394731664,
           0.2861012511340518,
           0.6587382269990676,
           0.6647963776693492,
           -0.37716595092652855,
           0.312224666142875,
           -0.17011714302844513,
           -0.3063004190954796,
           -0.3156581265493231,
           -0.3569240085318828,
           -0.5142435621599912
          ],
          [
           -0.12775072527954232,
           -0.5095284988834602,
           -0.14114529325875735,
           -0.4393900688282123,
           0.25458580194904923,
           0,
           -0.5247305064790388,
           -0.013513264298732064,
           -0.016330202255381534,
           -0.5855903559097051,
           -0.5077928530082089,
           -0.20300234768077816,
           0.015377885659844735,
           0.5050593777687574,
           0.06156155181545265,
           -0.16940072555802677,
           -0.27956872371723523,
           -0.500455226287579,
           0.42665290997243993,
           0.518237172864788,
           0.579929420371871,
           0.5837307991309244,
           0.6288406451817131,
           -0.47111310288283903,
           -0.26935957672865857,
           -0.5364126152476645,
           -0.47023638473366614,
           -0.5497794164658762,
           0.10622794056482388,
           -0.5159303341752048
          ],
          [
           0.6535130539819326,
           0.7387246366545874,
           0.1712107817537852,
           0.800965957874857,
           -0.5582079024292502,
           -0.5247305064790388,
           0,
           0.38313600378991275,
           0.23134107480222413,
           0.9116395189823199,
           0.6294679928313596,
           0.6219456225016372,
           0.029796906895280296,
           -0.5654773292615066,
           -0.2961624043569209,
           0.32075169362113665,
           0.6989563922619835,
           0.7626964763711289,
           0.008747951250630737,
           -0.5687145518739263,
           -0.5463746530785785,
           -0.8567631677963116,
           -0.73336950475127,
           0.7168515913831047,
           0.3230952110861196,
           0.8567075797446766,
           0.6305791566151893,
           0.8108003826864487,
           0.16403771686895194,
           0.7590389129133528
          ],
          [
           0.4096731777626314,
           -0.04519158479942403,
           -0.45151024187881705,
           0.2678185103119503,
           -0.680755177635498,
           -0.013513264298732064,
           0.38313600378991275,
           0,
           0.6024370098558732,
           0.2707581478295263,
           -0.20766896857471676,
           0.8635283334739924,
           -0.19419564983350376,
           -0.388205589300664,
           -0.4333275503143221,
           0.08030493469964758,
           0.03456366047144584,
           0.0714512828520141,
           0.5298791559861861,
           -0.21981987185037455,
           0.30198235969391973,
           -0.37171360513964163,
           -0.2808540588367678,
           0.12554894426752777,
           -0.36418041354738856,
           0.003971972497388157,
           0.05642503534381054,
           0.06159227055648126,
           0.26759406048487694,
           0.22684265098515258
          ],
          [
           0.28434836214962667,
           0.03620655143620078,
           -0.2323999192693152,
           0.15963372959197258,
           -0.31660480609390773,
           -0.016330202255381534,
           0.23134107480222413,
           0.6024370098558732,
           0,
           0.16573305047982123,
           -0.06448319961743791,
           0.5367377694316954,
           0.030776314857404348,
           -0.02210185424980374,
           -0.07041377145231063,
           0.1794169280590475,
           0.15721441539161835,
           0.10713890024626738,
           0.4749482376616024,
           -0.171684498212462,
           0.3506565420296501,
           -0.17134993519572067,
           -0.14649075877039078,
           0.06644981676161166,
           -0.20847051535957442,
           0.03107248433258591,
           0.02982617738460748,
           0.010903947679887123,
           0.00012198140863190386,
           0.15326949581336902
          ],
          [
           0.5666212721765317,
           0.8474485117488089,
           0.32178672864065916,
           0.8292600816992195,
           -0.4342061565928529,
           -0.5855903559097051,
           0.9116395189823199,
           0.2707581478295263,
           0.16573305047982123,
           0,
           0.7590353163799916,
           0.4678270975424696,
           0.18272182783652213,
           -0.6050576874292721,
           -0.29694455950468635,
           0.49292682068061905,
           0.7674637125483181,
           0.8578960962993548,
           -0.11199155171861426,
           -0.4517489076581716,
           -0.539952804005106,
           -0.76369184247222,
           -0.705963752170661,
           0.8325934358624819,
           0.5524331296275928,
           0.910124426094264,
           0.7648450916833334,
           0.8987595245607269,
           0.1963258534042002,
           0.8378385854887695
          ],
          [
           0.20886197752418253,
           0.9648102266456926,
           0.7529919285879341,
           0.4852816298365525,
           -0.0725397887262747,
           -0.5077928530082089,
           0.6294679928313596,
           -0.20766896857471676,
           -0.06448319961743791,
           0.7590353163799916,
           0,
           -0.053772961244180635,
           0.48467213836799156,
           -0.4246553593182145,
           -0.08894467499449075,
           0.6557225653025262,
           0.6836004582050913,
           0.9008747881155598,
           -0.4526456135337845,
           -0.2564727213230994,
           -0.6089590329567565,
           -0.3886746829362776,
           -0.3806838357131006,
           0.8624787783938166,
           0.826245905641155,
           0.8368320770999611,
           0.908760581129261,
           0.9307434861128939,
           0.3519543328762496,
           0.8493084387778069
          ],
          [
           0.5735109166869375,
           0.12046110133503626,
           -0.4519724549029781,
           0.4445611122859894,
           -0.7504339651664828,
           -0.20300234768077816,
           0.6219456225016372,
           0.8635283334739924,
           0.5367377694316954,
           0.4678270975424696,
           -0.053772961244180635,
           0,
           -0.43087407329084604,
           -0.3638873552673844,
           -0.2609174799338932,
           -0.019812145433861537,
           0.14457481432640565,
           0.23796806832833323,
           0.542159584608028,
           -0.512874157792562,
           -0.03331175118869103,
           -0.6944369439385207,
           -0.5973822202299479,
           0.2677321055801976,
           -0.28678346178659797,
           0.24615279811912483,
           0.12596482149078295,
           0.2263432504375335,
           0.05613587958453468,
           0.33555267547049766
          ],
          [
           -0.13980633912356022,
           0.4011067064762945,
           0.7211767932563895,
           0.13332285487392745,
           0.39886839440590344,
           0.015377885659844735,
           0.029796906895280296,
           -0.19419564983350376,
           0.030776314857404348,
           0.18272182783652213,
           0.48467213836799156,
           -0.43087407329084604,
           0,
           -0.07874092178454885,
           -0.2251898835377434,
           0.5651281848397472,
           0.4342640530322726,
           0.3569124524452795,
           -0.30964486879201997,
           0.5136695114620363,
           0.14611790293475477,
           0.36287846526954587,
           0.43599844253081904,
           0.2823439703537539,
           0.5964286102368126,
           0.2872429605839464,
           0.4407058608587684,
           0.3574424802894466,
           0.413637517083646,
           0.2881077897141586
          ],
          [
           -0.12614782667005134,
           -0.4733800461402876,
           -0.13001267144514617,
           -0.35031588292594706,
           0.657632204473669,
           0.5050593777687574,
           -0.5654773292615066,
           -0.388205589300664,
           -0.02210185424980374,
           -0.6050576874292721,
           -0.4246553593182145,
           -0.3638873552673844,
           -0.07874092178454885,
           0,
           0.6172200681663823,
           -0.4007672273529719,
           -0.2410924602779161,
           -0.4858878509493165,
           0.29127719718431344,
           0.41374096169738517,
           0.38764201154345596,
           0.48362923850350004,
           0.4904593678241941,
           -0.5722708468973977,
           -0.13631786019965295,
           -0.3716169190033779,
           -0.6146534317965334,
           -0.5820473570719694,
           -0.5496267679183665,
           -0.6847891588714159
          ],
          [
           -0.1282766390312085,
           -0.14699902949460436,
           -0.056324482918260546,
           -0.25723809707262874,
           0.295900758224281,
           0.06156155181545265,
           -0.2961624043569209,
           -0.4333275503143221,
           -0.07041377145231063,
           -0.29694455950468635,
           -0.08894467499449075,
           -0.2609174799338932,
           -0.2251898835377434,
           0.6172200681663823,
           0,
           -0.1015519498456702,
           -0.1698531884888076,
           -0.16113787808316468,
           0.1373653035065606,
           -0.12169140988910099,
           -0.10878214907703049,
           0.071621229473977,
           -0.01926835434903696,
           -0.19651451825701494,
           -0.042502788485284625,
           -0.12835236365018043,
           -0.2578275597146513,
           -0.24581239728582172,
           -0.42385178202745916,
           -0.2649827209862136
          ],
          [
           0.12542555489622798,
           0.6909177539085194,
           0.5882544264264901,
           0.21314794677961715,
           -0.19806211745834987,
           -0.16940072555802677,
           0.32075169362113665,
           0.08030493469964758,
           0.1794169280590475,
           0.49292682068061905,
           0.6557225653025262,
           -0.019812145433861537,
           0.5651281848397472,
           -0.4007672273529719,
           -0.1015519498456702,
           0,
           0.5621377123794437,
           0.6944718381200183,
           -0.1761627101469522,
           -0.05661260642928532,
           -0.08558774760231316,
           -0.05422664318098706,
           -0.19559384346610006,
           0.7292895822840236,
           0.5952856880779983,
           0.4102858962861462,
           0.7565341308672098,
           0.6313221998563429,
           0.6272901186237326,
           0.7472844717461397
          ],
          [
           0.6183298962200642,
           0.7553932295544726,
           0.42180884945988595,
           0.7523804016066303,
           -0.07875654256062092,
           -0.27956872371723523,
           0.6989563922619835,
           0.03456366047144584,
           0.15721441539161835,
           0.7674637125483181,
           0.6836004582050913,
           0.14457481432640565,
           0.4342640530322726,
           -0.2410924602779161,
           -0.1698531884888076,
           0.5621377123794437,
           0,
           0.6988977533399887,
           -0.15200571602402163,
           -0.11198891190039248,
           -0.2663904166735333,
           -0.41903043285801084,
           -0.3859611734486757,
           0.6385056761364964,
           0.6187799060592437,
           0.8005738577897847,
           0.5680214322981568,
           0.7224357108095573,
           0.09460720238408518,
           0.6020332629555486
          ],
          [
           0.3010709292170644,
           0.9532778451960432,
           0.6546343582146616,
           0.5517764990811431,
           -0.29634394643478607,
           -0.500455226287579,
           0.7626964763711289,
           0.0714512828520141,
           0.10713890024626738,
           0.8578960962993548,
           0.9008747881155598,
           0.23796806832833323,
           0.3569124524452795,
           -0.4858878509493165,
           -0.16113787808316468,
           0.6944718381200183,
           0.6988977533399887,
           0,
           -0.2223496686569544,
           -0.36543134831088264,
           -0.5404576943011572,
           -0.5584027186834944,
           -0.5290449985573114,
           0.9546771812747937,
           0.7449482657040014,
           0.8585381000866354,
           0.923423347926489,
           0.9585663165861702,
           0.35822828662400164,
           0.9284802359511508
          ],
          [
           0.3268631739136482,
           -0.32963051417561207,
           -0.48751632817903023,
           0.0795688961275079,
           -0.1888104957227505,
           0.42665290997243993,
           0.008747951250630737,
           0.5298791559861861,
           0.4749482376616024,
           -0.11199155171861426,
           -0.4526456135337845,
           0.542159584608028,
           -0.30964486879201997,
           0.29127719718431344,
           0.1373653035065606,
           -0.1761627101469522,
           -0.15200571602402163,
           -0.2223496686569544,
           0,
           -0.020567969294082365,
           0.4545191982098475,
           -0.09059328412201145,
           -0.009621077223482568,
           -0.2304983958487997,
           -0.39939558616333504,
           -0.18805060627582695,
           -0.36162406251643014,
           -0.3231181321165163,
           -0.09994347463063813,
           -0.2339177540804504
          ],
          [
           -0.23750688537848497,
           -0.3563983395854405,
           0.21006766117247042,
           -0.28906261193815963,
           0.7168385394731664,
           0.518237172864788,
           -0.5687145518739263,
           -0.21981987185037455,
           -0.171684498212462,
           -0.4517489076581716,
           -0.2564727213230994,
           -0.512874157792562,
           0.5136695114620363,
           0.41374096169738517,
           -0.12169140988910099,
           -0.05661260642928532,
           -0.11198891190039248,
           -0.36543134831088264,
           -0.020567969294082365,
           0,
           0.6630988034820502,
           0.7562911476460675,
           0.8208292337195138,
           -0.36703010515114076,
           0.15762669690712086,
           -0.35725618437394197,
           -0.26793045035611235,
           -0.36167110111653356,
           0.05243626113593762,
           -0.46520577606865243
          ],
          [
           -0.04553547820707925,
           -0.5855678434386706,
           -0.3091971280801437,
           -0.3489312708378382,
           0.2861012511340518,
           0.579929420371871,
           -0.5463746530785785,
           0.30198235969391973,
           0.3506565420296501,
           -0.539952804005106,
           -0.6089590329567565,
           -0.03331175118869103,
           0.14611790293475477,
           0.38764201154345596,
           -0.10878214907703049,
           -0.08558774760231316,
           -0.2663904166735333,
           -0.5404576943011572,
           0.4545191982098475,
           0.6630988034820502,
           0,
           0.6104995624205121,
           0.6219582930549518,
           -0.5172546125587982,
           -0.33186096748591404,
           -0.6165003096251777,
           -0.4956288840372771,
           -0.6128914364916469,
           0.037816847200116376,
           -0.5233285659381638
          ],
          [
           -0.5518776381849463,
           -0.5025517302754756,
           0.12575213645805702,
           -0.6561260385565436,
           0.6587382269990676,
           0.5837307991309244,
           -0.8567631677963116,
           -0.37171360513964163,
           -0.17134993519572067,
           -0.76369184247222,
           -0.3886746829362776,
           -0.6944369439385207,
           0.36287846526954587,
           0.48362923850350004,
           0.071621229473977,
           -0.05422664318098706,
           -0.41903043285801084,
           -0.5584027186834944,
           -0.09059328412201145,
           0.7562911476460675,
           0.6104995624205121,
           0,
           0.8736046558120875,
           -0.5412803226887314,
           -0.07602654294930153,
           -0.6676610412835168,
           -0.41068945193301837,
           -0.5993845834844771,
           0.09225766786320816,
           -0.5700445954521927
          ],
          [
           -0.49103396705435226,
           -0.5062207266410018,
           0.14914884922434074,
           -0.5804132418555499,
           0.6647963776693492,
           0.6288406451817131,
           -0.73336950475127,
           -0.2808540588367678,
           -0.14649075877039078,
           -0.705963752170661,
           -0.3806838357131006,
           -0.5973822202299479,
           0.43599844253081904,
           0.4904593678241941,
           -0.01926835434903696,
           -0.19559384346610006,
           -0.3859611734486757,
           -0.5290449985573114,
           -0.009621077223482568,
           0.8208292337195138,
           0.6219582930549518,
           0.8736046558120875,
           0,
           -0.5423178186630648,
           -0.07651622852768666,
           -0.5645246863825323,
           -0.3970966909743934,
           -0.5394865933862774,
           0.08845648517827492,
           -0.578607649511342
          ],
          [
           0.2755235228019088,
           0.9126031750633502,
           0.6056576020017445,
           0.47898596222855006,
           -0.37716595092652855,
           -0.47111310288283903,
           0.7168515913831047,
           0.12554894426752777,
           0.06644981676161166,
           0.8325934358624819,
           0.8624787783938166,
           0.2677321055801976,
           0.2823439703537539,
           -0.5722708468973977,
           -0.19651451825701494,
           0.7292895822840236,
           0.6385056761364964,
           0.9546771812747937,
           -0.2304983958487997,
           -0.36703010515114076,
           -0.5172546125587982,
           -0.5412803226887314,
           -0.5423178186630648,
           0,
           0.7024891984180203,
           0.7754481036801514,
           0.9426782942330861,
           0.9456594842018723,
           0.4559208797778674,
           0.9558217352607428
          ],
          [
           0.08071112739907721,
           0.7754189575278577,
           0.830234856279989,
           0.36239267420789434,
           0.312224666142875,
           -0.26935957672865857,
           0.3230952110861196,
           -0.36418041354738856,
           -0.20847051535957442,
           0.5524331296275928,
           0.826245905641155,
           -0.28678346178659797,
           0.5964286102368126,
           -0.13631786019965295,
           -0.042502788485284625,
           0.5952856880779983,
           0.6187799060592437,
           0.7449482657040014,
           -0.39939558616333504,
           0.15762669690712086,
           -0.33186096748591404,
           -0.07602654294930153,
           -0.07651622852768666,
           0.7024891984180203,
           0,
           0.6774527929357286,
           0.7375446296292512,
           0.7268067218637642,
           0.22610481258782927,
           0.5860384771846364
          ],
          [
           0.5053108504030753,
           0.8800110168059473,
           0.4870201599992213,
           0.8054353014990613,
           -0.17011714302844513,
           -0.5364126152476645,
           0.8567075797446766,
           0.003971972497388157,
           0.03107248433258591,
           0.910124426094264,
           0.8368320770999611,
           0.24615279811912483,
           0.2872429605839464,
           -0.3716169190033779,
           -0.12835236365018043,
           0.4102858962861462,
           0.8005738577897847,
           0.8585381000866354,
           -0.18805060627582695,
           -0.35725618437394197,
           -0.6165003096251777,
           -0.6676610412835168,
           -0.5645246863825323,
           0.7754481036801514,
           0.6774527929357286,
           0,
           0.7272571359586655,
           0.8970170826386182,
           0.0681917216312809,
           0.741976908337095
          ],
          [
           0.1258042897933718,
           0.9086306335403155,
           0.6967014334521295,
           0.37586148221497023,
           -0.3063004190954796,
           -0.47023638473366614,
           0.6305791566151893,
           0.05642503534381054,
           0.02982617738460748,
           0.7648450916833334,
           0.908760581129261,
           0.12596482149078295,
           0.4407058608587684,
           -0.6146534317965334,
           -0.2578275597146513,
           0.7565341308672098,
           0.5680214322981568,
           0.923423347926489,
           -0.36162406251643014,
           -0.26793045035611235,
           -0.4956288840372771,
           -0.41068945193301837,
           -0.3970966909743934,
           0.9426782942330861,
           0.7375446296292512,
           0.7272571359586655,
           0,
           0.937226659868519,
           0.5885512772545778,
           0.9520327565723872
          ],
          [
           0.3405440198803201,
           0.958463180850539,
           0.6203328972955291,
           0.6083102850897361,
           -0.3156581265493231,
           -0.5497794164658762,
           0.8108003826864487,
           0.06159227055648126,
           0.010903947679887123,
           0.8987595245607269,
           0.9307434861128939,
           0.2263432504375335,
           0.3574424802894466,
           -0.5820473570719694,
           -0.24581239728582172,
           0.6313221998563429,
           0.7224357108095573,
           0.9585663165861702,
           -0.3231181321165163,
           -0.36167110111653356,
           -0.6128914364916469,
           -0.5993845834844771,
           -0.5394865933862774,
           0.9456594842018723,
           0.7268067218637642,
           0.8970170826386182,
           0.937226659868519,
           0,
           0.3928632663144243,
           0.9347185376122088
          ],
          [
           -0.08631044842082011,
           0.34300142719565924,
           0.3858908961815507,
           -0.09880177303307185,
           -0.3569240085318828,
           0.10622794056482388,
           0.16403771686895194,
           0.26759406048487694,
           0.00012198140863190386,
           0.1963258534042002,
           0.3519543328762496,
           0.05613587958453468,
           0.413637517083646,
           -0.5496267679183665,
           -0.42385178202745916,
           0.6272901186237326,
           0.09460720238408518,
           0.35822828662400164,
           -0.09994347463063813,
           0.05243626113593762,
           0.037816847200116376,
           0.09225766786320816,
           0.08845648517827492,
           0.4559208797778674,
           0.22610481258782927,
           0.0681917216312809,
           0.5885512772545778,
           0.3928632663144243,
           0,
           0.5575012936485458
          ],
          [
           0.27419659835736593,
           0.902896193167461,
           0.5326591633187925,
           0.4737792472328237,
           -0.5142435621599912,
           -0.5159303341752048,
           0.7590389129133528,
           0.22684265098515258,
           0.15326949581336902,
           0.8378385854887695,
           0.8493084387778069,
           0.33555267547049766,
           0.2881077897141586,
           -0.6847891588714159,
           -0.2649827209862136,
           0.7472844717461397,
           0.6020332629555486,
           0.9284802359511508,
           -0.2339177540804504,
           -0.46520577606865243,
           -0.5233285659381638,
           -0.5700445954521927,
           -0.578607649511342,
           0.9558217352607428,
           0.5860384771846364,
           0.741976908337095,
           0.9520327565723872,
           0.9347185376122088,
           0.5575012936485458,
           0
          ]
         ]
        }
       ],
       "layout": {
        "coloraxis": {
         "colorscale": [
          [
           0,
           "#0d0887"
          ],
          [
           0.1111111111111111,
           "#46039f"
          ],
          [
           0.2222222222222222,
           "#7201a8"
          ],
          [
           0.3333333333333333,
           "#9c179e"
          ],
          [
           0.4444444444444444,
           "#bd3786"
          ],
          [
           0.5555555555555556,
           "#d8576b"
          ],
          [
           0.6666666666666666,
           "#ed7953"
          ],
          [
           0.7777777777777778,
           "#fb9f3a"
          ],
          [
           0.8888888888888888,
           "#fdca26"
          ],
          [
           1,
           "#f0f921"
          ]
         ]
        },
        "height": 1000,
        "margin": {
         "t": 60
        },
        "template": {
         "data": {
          "bar": [
           {
            "error_x": {
             "color": "#2a3f5f"
            },
            "error_y": {
             "color": "#2a3f5f"
            },
            "marker": {
             "line": {
              "color": "#E5ECF6",
              "width": 0.5
             },
             "pattern": {
              "fillmode": "overlay",
              "size": 10,
              "solidity": 0.2
             }
            },
            "type": "bar"
           }
          ],
          "barpolar": [
           {
            "marker": {
             "line": {
              "color": "#E5ECF6",
              "width": 0.5
             },
             "pattern": {
              "fillmode": "overlay",
              "size": 10,
              "solidity": 0.2
             }
            },
            "type": "barpolar"
           }
          ],
          "carpet": [
           {
            "aaxis": {
             "endlinecolor": "#2a3f5f",
             "gridcolor": "white",
             "linecolor": "white",
             "minorgridcolor": "white",
             "startlinecolor": "#2a3f5f"
            },
            "baxis": {
             "endlinecolor": "#2a3f5f",
             "gridcolor": "white",
             "linecolor": "white",
             "minorgridcolor": "white",
             "startlinecolor": "#2a3f5f"
            },
            "type": "carpet"
           }
          ],
          "choropleth": [
           {
            "colorbar": {
             "outlinewidth": 0,
             "ticks": ""
            },
            "type": "choropleth"
           }
          ],
          "contour": [
           {
            "colorbar": {
             "outlinewidth": 0,
             "ticks": ""
            },
            "colorscale": [
             [
              0,
              "#0d0887"
             ],
             [
              0.1111111111111111,
              "#46039f"
             ],
             [
              0.2222222222222222,
              "#7201a8"
             ],
             [
              0.3333333333333333,
              "#9c179e"
             ],
             [
              0.4444444444444444,
              "#bd3786"
             ],
             [
              0.5555555555555556,
              "#d8576b"
             ],
             [
              0.6666666666666666,
              "#ed7953"
             ],
             [
              0.7777777777777778,
              "#fb9f3a"
             ],
             [
              0.8888888888888888,
              "#fdca26"
             ],
             [
              1,
              "#f0f921"
             ]
            ],
            "type": "contour"
           }
          ],
          "contourcarpet": [
           {
            "colorbar": {
             "outlinewidth": 0,
             "ticks": ""
            },
            "type": "contourcarpet"
           }
          ],
          "heatmap": [
           {
            "colorbar": {
             "outlinewidth": 0,
             "ticks": ""
            },
            "colorscale": [
             [
              0,
              "#0d0887"
             ],
             [
              0.1111111111111111,
              "#46039f"
             ],
             [
              0.2222222222222222,
              "#7201a8"
             ],
             [
              0.3333333333333333,
              "#9c179e"
             ],
             [
              0.4444444444444444,
              "#bd3786"
             ],
             [
              0.5555555555555556,
              "#d8576b"
             ],
             [
              0.6666666666666666,
              "#ed7953"
             ],
             [
              0.7777777777777778,
              "#fb9f3a"
             ],
             [
              0.8888888888888888,
              "#fdca26"
             ],
             [
              1,
              "#f0f921"
             ]
            ],
            "type": "heatmap"
           }
          ],
          "heatmapgl": [
           {
            "colorbar": {
             "outlinewidth": 0,
             "ticks": ""
            },
            "colorscale": [
             [
              0,
              "#0d0887"
             ],
             [
              0.1111111111111111,
              "#46039f"
             ],
             [
              0.2222222222222222,
              "#7201a8"
             ],
             [
              0.3333333333333333,
              "#9c179e"
             ],
             [
              0.4444444444444444,
              "#bd3786"
             ],
             [
              0.5555555555555556,
              "#d8576b"
             ],
             [
              0.6666666666666666,
              "#ed7953"
             ],
             [
              0.7777777777777778,
              "#fb9f3a"
             ],
             [
              0.8888888888888888,
              "#fdca26"
             ],
             [
              1,
              "#f0f921"
             ]
            ],
            "type": "heatmapgl"
           }
          ],
          "histogram": [
           {
            "marker": {
             "pattern": {
              "fillmode": "overlay",
              "size": 10,
              "solidity": 0.2
             }
            },
            "type": "histogram"
           }
          ],
          "histogram2d": [
           {
            "colorbar": {
             "outlinewidth": 0,
             "ticks": ""
            },
            "colorscale": [
             [
              0,
              "#0d0887"
             ],
             [
              0.1111111111111111,
